COSMOS 1408 DEB         
1 49527U 82092Q   25122.25980361  .00798557  00000+0  84425-2 0  9999
2 49527  82.3356  61.9927 0093027  95.5683 265.6190 15.56825707182700
COSMOS 1408 DEB         
1 49537U 82092AA  25122.33156330  .00066884  00000+0  11484-2 0  9996
2 49537  82.5406 332.7226 0067205   9.4570 350.7926 15.48326605190715
COSMOS 1408 DEB         
1 50032U 82092RU  25122.45725959  .00007819  00000+0  17457-3 0  9990
2 50032  82.5624 287.8659 0015443 310.2045  49.7850 15.43220094191426
COSMOS 1408 DEB         
1 50058U 82092SW  25121.97476381  .00025378  00000+0  40784-3 0  9995
2 50058  82.6107 302.2110 0020865 206.8709 153.1465 15.52607649193065
COSMOS 1408 DEB         
1 50404U 82092ADS 25122.31515129  .00055764  00000+0  35345-2 0  9991
2 50404  82.2231  77.7159 0271885 226.3848 131.4526 14.82971192178421
COSMOS 1408 DEB         
1 50621U 82092ALR 25121.93674417  .00021896  00000+0  42745-3 0  9997
2 50621  82.5717 306.0897 0034503 254.8021 104.9412 15.46671613187654
COSMOS 1408 DEB         
1 51184U 82092AZJ 25122.36935308  .00611351  19051-3  71493-3 0  9992
2 51184  82.4662 259.5939 0003102 219.6518 140.4538 16.08755202186487
